{
 "cells": [
  {
   "cell_type": "code",
   "execution_count": 1,
   "outputs": [],
   "source": [
    "from qutip import *\n",
    "import numpy as np\n",
    "import copy\n",
    "import matplotlib.pyplot as plt"
   ],
   "metadata": {
    "collapsed": false,
    "pycharm": {
     "name": "#%%\n"
    }
   }
  },
  {
   "cell_type": "code",
   "execution_count": 3,
   "outputs": [],
   "source": [
    "freq = [0.0112336, 0.0113306, 0.0113997, 0.01148, 0.0116655, 0.0118678,\n",
    "0.0118678, 0.0120667, 0.0122434, 0.0123182, 0.0123818, 0.0124698,\n",
    "0.181, 0.182, 0.183, 0.184, 0.187, 0.19, 0.19, 0.193, 0.196, 0.197,\n",
    "0.198, 0.2]"
   ],
   "metadata": {
    "collapsed": false,
    "pycharm": {
     "name": "#%%\n"
    }
   }
  },
  {
   "cell_type": "code",
   "execution_count": 27,
   "outputs": [],
   "source": [
    "G = [[[2.47631232e-03,3.28299603e-10,7.65293780e-04,-1.13666350e-03\n",
    ",3.51489681e-10,-9.38983896e-04,1.20676538e-10,3.51785332e-10\n",
    ",5.86564153e-03,-1.50327617e-02,3.14081692e-10,-1.27538620e-02\n",
    ",1.53531440e-02,-1.75194838e-10,4.73194080e-03,-7.02035440e-03,\n",
    "-2.84786040e-10,2.79756000e-10,-5.80486100e-03,-4.60422730e-10\n",
    ",3.63256600e-02,-9.30360080e-02,-5.65594920e-10,-7.92140000e-02],\n",
    "[-1.65591128e-04,2.16184449e-05,-9.77249542e-06,1.13983657e-04\n",
    ",3.44083255e-05,-6.20763081e-05,-6.31910505e-05,-3.38060667e-05\n",
    ",2.62567059e-04,8.71480623e-04,-2.06461562e-05,-7.85742050e-04,\n",
    "-1.02666639e-03,1.33697382e-04,-6.04251360e-05,7.03993200e-04\n",
    ",2.12761120e-04,-3.90651400e-04,-3.83760100e-04,-2.08997770e-04\n",
    ",1.62606500e-03,5.39348570e-03,-1.27801872e-04,-4.88022000e-03]],\n",
    "[[-1.65591128e-04,2.16184449e-05,-9.77249542e-06,1.13983657e-04\n",
    ",3.44083255e-05,-6.20763081e-05,-6.31910505e-05,-3.38060667e-05\n",
    ",2.62567059e-04,8.71480623e-04,-2.06461562e-05,-7.85742050e-04,\n",
    "-1.02666639e-03,1.33697382e-04,-6.04251360e-05,7.03993200e-04\n",
    ",2.12761120e-04,-3.90651400e-04,-3.83760100e-04,-2.08997770e-04\n",
    ",1.62606500e-03,5.39348570e-03,-1.27801872e-04,-4.88022000e-03],\n",
    "[7.82559537e-05,5.13587772e-11,-4.56903396e-05,-1.40120288e-06\n",
    ",6.92136279e-11,1.41192403e-04,3.84436019e-10,2.38890493e-10\n",
    ",6.51864327e-03,1.84952846e-04,2.61078920e-11,-2.23412678e-02\n",
    ",4.85184980e-04,-1.52197864e-10,-2.82513570e-04,-8.65477120e-06,\n",
    "-2.43118700e-11,7.62741700e-11,8.72863800e-04,-3.13926080e-10\n",
    ",4.03697280e-02,1.14464486e-03,-3.19859100e-10,-1.38760800e-01]]]"
   ],
   "metadata": {
    "collapsed": false,
    "pycharm": {
     "name": "#%%\n"
    }
   }
  },
  {
   "cell_type": "code",
   "execution_count": 37,
   "outputs": [
    {
     "data": {
      "text/plain": "(2, 2, 24)"
     },
     "execution_count": 37,
     "metadata": {},
     "output_type": "execute_result"
    }
   ],
   "source": [
    "G = np.array(G)\n",
    "G.shape"
   ],
   "metadata": {
    "collapsed": false,
    "pycharm": {
     "name": "#%%\n"
    }
   }
  },
  {
   "cell_type": "code",
   "execution_count": 36,
   "outputs": [],
   "source": [
    "eng = [2.191, 2.294]"
   ],
   "metadata": {
    "collapsed": false,
    "pycharm": {
     "name": "#%%\n"
    }
   }
  },
  {
   "cell_type": "code",
   "execution_count": 43,
   "outputs": [],
   "source": [
    "G2D = G.reshape(4,24)\n",
    "G2D = G2D.transpose()"
   ],
   "metadata": {
    "collapsed": false,
    "pycharm": {
     "name": "#%%\n"
    }
   }
  },
  {
   "cell_type": "code",
   "execution_count": 44,
   "outputs": [
    {
     "data": {
      "text/plain": "array([[ 2.47631232e-03, -1.65591128e-04, -1.65591128e-04,\n         7.82559537e-05],\n       [ 3.28299603e-10,  2.16184449e-05,  2.16184449e-05,\n         5.13587772e-11],\n       [ 7.65293780e-04, -9.77249542e-06, -9.77249542e-06,\n        -4.56903396e-05],\n       [-1.13666350e-03,  1.13983657e-04,  1.13983657e-04,\n        -1.40120288e-06],\n       [ 3.51489681e-10,  3.44083255e-05,  3.44083255e-05,\n         6.92136279e-11],\n       [-9.38983896e-04, -6.20763081e-05, -6.20763081e-05,\n         1.41192403e-04],\n       [ 1.20676538e-10, -6.31910505e-05, -6.31910505e-05,\n         3.84436019e-10],\n       [ 3.51785332e-10, -3.38060667e-05, -3.38060667e-05,\n         2.38890493e-10],\n       [ 5.86564153e-03,  2.62567059e-04,  2.62567059e-04,\n         6.51864327e-03],\n       [-1.50327617e-02,  8.71480623e-04,  8.71480623e-04,\n         1.84952846e-04],\n       [ 3.14081692e-10, -2.06461562e-05, -2.06461562e-05,\n         2.61078920e-11],\n       [-1.27538620e-02, -7.85742050e-04, -7.85742050e-04,\n        -2.23412678e-02],\n       [ 1.53531440e-02, -1.02666639e-03, -1.02666639e-03,\n         4.85184980e-04],\n       [-1.75194838e-10,  1.33697382e-04,  1.33697382e-04,\n        -1.52197864e-10],\n       [ 4.73194080e-03, -6.04251360e-05, -6.04251360e-05,\n        -2.82513570e-04],\n       [-7.02035440e-03,  7.03993200e-04,  7.03993200e-04,\n        -8.65477120e-06],\n       [-2.84786040e-10,  2.12761120e-04,  2.12761120e-04,\n        -2.43118700e-11],\n       [ 2.79756000e-10, -3.90651400e-04, -3.90651400e-04,\n         7.62741700e-11],\n       [-5.80486100e-03, -3.83760100e-04, -3.83760100e-04,\n         8.72863800e-04],\n       [-4.60422730e-10, -2.08997770e-04, -2.08997770e-04,\n        -3.13926080e-10],\n       [ 3.63256600e-02,  1.62606500e-03,  1.62606500e-03,\n         4.03697280e-02],\n       [-9.30360080e-02,  5.39348570e-03,  5.39348570e-03,\n         1.14464486e-03],\n       [-5.65594920e-10, -1.27801872e-04, -1.27801872e-04,\n        -3.19859100e-10],\n       [-7.92140000e-02, -4.88022000e-03, -4.88022000e-03,\n        -1.38760800e-01]])"
     },
     "execution_count": 44,
     "metadata": {},
     "output_type": "execute_result"
    }
   ],
   "source": [
    "G2D # now each column of G2D is system operator specific and each row is phonon specific"
   ],
   "metadata": {
    "collapsed": false,
    "pycharm": {
     "name": "#%%\n"
    }
   }
  },
  {
   "cell_type": "code",
   "execution_count": 69,
   "outputs": [
    {
     "data": {
      "text/plain": "array([[ 2.47631232e-03, -1.65591128e-04,  7.82559537e-05],\n       [ 3.28299603e-10,  2.16184449e-05,  5.13587772e-11],\n       [ 7.65293780e-04, -9.77249542e-06, -4.56903396e-05],\n       [-1.13666350e-03,  1.13983657e-04, -1.40120288e-06],\n       [ 3.51489681e-10,  3.44083255e-05,  6.92136279e-11],\n       [-9.38983896e-04, -6.20763081e-05,  1.41192403e-04],\n       [ 1.20676538e-10, -6.31910505e-05,  3.84436019e-10],\n       [ 3.51785332e-10, -3.38060667e-05,  2.38890493e-10],\n       [ 5.86564153e-03,  2.62567059e-04,  6.51864327e-03],\n       [-1.50327617e-02,  8.71480623e-04,  1.84952846e-04],\n       [ 3.14081692e-10, -2.06461562e-05,  2.61078920e-11],\n       [-1.27538620e-02, -7.85742050e-04, -2.23412678e-02],\n       [ 1.53531440e-02, -1.02666639e-03,  4.85184980e-04],\n       [-1.75194838e-10,  1.33697382e-04, -1.52197864e-10],\n       [ 4.73194080e-03, -6.04251360e-05, -2.82513570e-04],\n       [-7.02035440e-03,  7.03993200e-04, -8.65477120e-06],\n       [-2.84786040e-10,  2.12761120e-04, -2.43118700e-11],\n       [ 2.79756000e-10, -3.90651400e-04,  7.62741700e-11],\n       [-5.80486100e-03, -3.83760100e-04,  8.72863800e-04],\n       [-4.60422730e-10, -2.08997770e-04, -3.13926080e-10],\n       [ 3.63256600e-02,  1.62606500e-03,  4.03697280e-02],\n       [-9.30360080e-02,  5.39348570e-03,  1.14464486e-03],\n       [-5.65594920e-10, -1.27801872e-04, -3.19859100e-10],\n       [-7.92140000e-02, -4.88022000e-03, -1.38760800e-01]])"
     },
     "execution_count": 69,
     "metadata": {},
     "output_type": "execute_result"
    }
   ],
   "source": [
    "G2D = np.delete(G2D,2,1)\n",
    "G2D"
   ],
   "metadata": {
    "collapsed": false,
    "pycharm": {
     "name": "#%%\n"
    }
   }
  },
  {
   "cell_type": "code",
   "execution_count": 101,
   "outputs": [],
   "source": [
    "U, L, Vt = np.linalg.svd(G2D)"
   ],
   "metadata": {
    "collapsed": false,
    "pycharm": {
     "name": "#%%\n"
    }
   }
  },
  {
   "cell_type": "code",
   "execution_count": 104,
   "outputs": [],
   "source": [
    "def overlapQ(U, V=None, threshold = 1e-12):\n",
    "    '''\n",
    "    Qutip - implementation\n",
    "    :param U: Set of vectors\n",
    "    :param V: 2nd Set of vectors\n",
    "    :param threshold: cutoff\n",
    "    :return: an overlap matrix with vectors U long columns and V along rows\n",
    "    '''\n",
    "    if V is None: V=copy.deepcopy(U)\n",
    "    OverLap = np.zeros([len(U), len(V)], dtype=complex)\n",
    "    for i in range(len(U)):\n",
    "        x = U[i]\n",
    "        for j in range(len(V)):\n",
    "            y = V[j]\n",
    "            value = (x.dag()*y)\n",
    "            OverLap[i,j] = value.full() if value.norm()>threshold else 0\n",
    "    return OverLap"
   ],
   "metadata": {
    "collapsed": false,
    "pycharm": {
     "name": "#%%\n"
    }
   }
  },
  {
   "cell_type": "code",
   "execution_count": 118,
   "outputs": [
    {
     "data": {
      "text/plain": "array([[ 1.70231444e-02+0.j, -7.69300374e-05+0.j,  1.26732890e-02+0.j],\n       [-7.69300374e-05+0.j,  5.90240458e-05+0.j,  7.67584344e-04+0.j],\n       [ 1.26732890e-02+0.j,  7.67584344e-04+0.j,  2.14283493e-02+0.j]])"
     },
     "execution_count": 118,
     "metadata": {},
     "output_type": "execute_result"
    }
   ],
   "source": [
    "k_alpha = [Qobj(x) for x in np.transpose(U)]\n",
    "gQ = [Qobj(x) for x in np.transpose(G2D)]\n",
    "overlapQ(gQ)"
   ],
   "metadata": {
    "collapsed": false,
    "pycharm": {
     "name": "#%%\n"
    }
   }
  },
  {
   "cell_type": "code",
   "execution_count": 120,
   "outputs": [
    {
     "data": {
      "text/plain": "array([[-1.15263876e-01+0.j, -3.00844577e-03+0.j, -1.37124900e-01+0.j],\n       [-6.11340936e-02+0.j,  6.93233405e-03+0.j,  5.12357494e-02+0.j],\n       [-7.71566862e-05+0.j, -1.38421259e-03+0.j,  9.52249169e-05+0.j]])"
     },
     "execution_count": 120,
     "metadata": {},
     "output_type": "execute_result"
    }
   ],
   "source": [
    "ks = k_alpha[:3]\n",
    "kb = k_alpha[3:]\n",
    "overlapQ(ks, gQ)"
   ],
   "metadata": {
    "collapsed": false,
    "pycharm": {
     "name": "#%%\n"
    }
   }
  },
  {
   "cell_type": "code",
   "execution_count": 122,
   "outputs": [
    {
     "data": {
      "text/plain": "array([[0.+0.j, 0.+0.j, 0.+0.j],\n       [0.+0.j, 0.+0.j, 0.+0.j],\n       [0.+0.j, 0.+0.j, 0.+0.j],\n       [0.+0.j, 0.+0.j, 0.+0.j],\n       [0.+0.j, 0.+0.j, 0.+0.j],\n       [0.+0.j, 0.+0.j, 0.+0.j],\n       [0.+0.j, 0.+0.j, 0.+0.j],\n       [0.+0.j, 0.+0.j, 0.+0.j],\n       [0.+0.j, 0.+0.j, 0.+0.j],\n       [0.+0.j, 0.+0.j, 0.+0.j],\n       [0.+0.j, 0.+0.j, 0.+0.j],\n       [0.+0.j, 0.+0.j, 0.+0.j],\n       [0.+0.j, 0.+0.j, 0.+0.j],\n       [0.+0.j, 0.+0.j, 0.+0.j],\n       [0.+0.j, 0.+0.j, 0.+0.j],\n       [0.+0.j, 0.+0.j, 0.+0.j],\n       [0.+0.j, 0.+0.j, 0.+0.j],\n       [0.+0.j, 0.+0.j, 0.+0.j],\n       [0.+0.j, 0.+0.j, 0.+0.j],\n       [0.+0.j, 0.+0.j, 0.+0.j],\n       [0.+0.j, 0.+0.j, 0.+0.j]])"
     },
     "execution_count": 122,
     "metadata": {},
     "output_type": "execute_result"
    }
   ],
   "source": [
    "overlapQ(kb, gQ)"
   ],
   "metadata": {
    "collapsed": false,
    "pycharm": {
     "name": "#%%\n"
    }
   }
  },
  {
   "cell_type": "code",
   "execution_count": 132,
   "outputs": [
    {
     "data": {
      "text/plain": "Quantum object: dims = [[24], [24]], shape = (24, 24), type = oper, isherm = True\nQobj data =\n[[0.0112336 0.        0.        0.        0.        0.        0.\n  0.        0.        0.        0.        0.        0.        0.\n  0.        0.        0.        0.        0.        0.        0.\n  0.        0.        0.       ]\n [0.        0.0113306 0.        0.        0.        0.        0.\n  0.        0.        0.        0.        0.        0.        0.\n  0.        0.        0.        0.        0.        0.        0.\n  0.        0.        0.       ]\n [0.        0.        0.0113997 0.        0.        0.        0.\n  0.        0.        0.        0.        0.        0.        0.\n  0.        0.        0.        0.        0.        0.        0.\n  0.        0.        0.       ]\n [0.        0.        0.        0.01148   0.        0.        0.\n  0.        0.        0.        0.        0.        0.        0.\n  0.        0.        0.        0.        0.        0.        0.\n  0.        0.        0.       ]\n [0.        0.        0.        0.        0.0116655 0.        0.\n  0.        0.        0.        0.        0.        0.        0.\n  0.        0.        0.        0.        0.        0.        0.\n  0.        0.        0.       ]\n [0.        0.        0.        0.        0.        0.0118678 0.\n  0.        0.        0.        0.        0.        0.        0.\n  0.        0.        0.        0.        0.        0.        0.\n  0.        0.        0.       ]\n [0.        0.        0.        0.        0.        0.        0.0118678\n  0.        0.        0.        0.        0.        0.        0.\n  0.        0.        0.        0.        0.        0.        0.\n  0.        0.        0.       ]\n [0.        0.        0.        0.        0.        0.        0.\n  0.0120667 0.        0.        0.        0.        0.        0.\n  0.        0.        0.        0.        0.        0.        0.\n  0.        0.        0.       ]\n [0.        0.        0.        0.        0.        0.        0.\n  0.        0.0122434 0.        0.        0.        0.        0.\n  0.        0.        0.        0.        0.        0.        0.\n  0.        0.        0.       ]\n [0.        0.        0.        0.        0.        0.        0.\n  0.        0.        0.0123182 0.        0.        0.        0.\n  0.        0.        0.        0.        0.        0.        0.\n  0.        0.        0.       ]\n [0.        0.        0.        0.        0.        0.        0.\n  0.        0.        0.        0.0123818 0.        0.        0.\n  0.        0.        0.        0.        0.        0.        0.\n  0.        0.        0.       ]\n [0.        0.        0.        0.        0.        0.        0.\n  0.        0.        0.        0.        0.0124698 0.        0.\n  0.        0.        0.        0.        0.        0.        0.\n  0.        0.        0.       ]\n [0.        0.        0.        0.        0.        0.        0.\n  0.        0.        0.        0.        0.        0.181     0.\n  0.        0.        0.        0.        0.        0.        0.\n  0.        0.        0.       ]\n [0.        0.        0.        0.        0.        0.        0.\n  0.        0.        0.        0.        0.        0.        0.182\n  0.        0.        0.        0.        0.        0.        0.\n  0.        0.        0.       ]\n [0.        0.        0.        0.        0.        0.        0.\n  0.        0.        0.        0.        0.        0.        0.\n  0.183     0.        0.        0.        0.        0.        0.\n  0.        0.        0.       ]\n [0.        0.        0.        0.        0.        0.        0.\n  0.        0.        0.        0.        0.        0.        0.\n  0.        0.184     0.        0.        0.        0.        0.\n  0.        0.        0.       ]\n [0.        0.        0.        0.        0.        0.        0.\n  0.        0.        0.        0.        0.        0.        0.\n  0.        0.        0.187     0.        0.        0.        0.\n  0.        0.        0.       ]\n [0.        0.        0.        0.        0.        0.        0.\n  0.        0.        0.        0.        0.        0.        0.\n  0.        0.        0.        0.19      0.        0.        0.\n  0.        0.        0.       ]\n [0.        0.        0.        0.        0.        0.        0.\n  0.        0.        0.        0.        0.        0.        0.\n  0.        0.        0.        0.        0.19      0.        0.\n  0.        0.        0.       ]\n [0.        0.        0.        0.        0.        0.        0.\n  0.        0.        0.        0.        0.        0.        0.\n  0.        0.        0.        0.        0.        0.193     0.\n  0.        0.        0.       ]\n [0.        0.        0.        0.        0.        0.        0.\n  0.        0.        0.        0.        0.        0.        0.\n  0.        0.        0.        0.        0.        0.        0.196\n  0.        0.        0.       ]\n [0.        0.        0.        0.        0.        0.        0.\n  0.        0.        0.        0.        0.        0.        0.\n  0.        0.        0.        0.        0.        0.        0.\n  0.197     0.        0.       ]\n [0.        0.        0.        0.        0.        0.        0.\n  0.        0.        0.        0.        0.        0.        0.\n  0.        0.        0.        0.        0.        0.        0.\n  0.        0.198     0.       ]\n [0.        0.        0.        0.        0.        0.        0.\n  0.        0.        0.        0.        0.        0.        0.\n  0.        0.        0.        0.        0.        0.        0.\n  0.        0.        0.2      ]]",
      "text/latex": "Quantum object: dims = [[24], [24]], shape = (24, 24), type = oper, isherm = True\\begin{equation*}\\left(\\begin{array}{*{11}c}0.011 & 0.0 & 0.0 & 0.0 & 0.0 & \\cdots & 0.0 & 0.0 & 0.0 & 0.0 & 0.0\\\\0.0 & 0.011 & 0.0 & 0.0 & 0.0 & \\cdots & 0.0 & 0.0 & 0.0 & 0.0 & 0.0\\\\0.0 & 0.0 & 0.011 & 0.0 & 0.0 & \\cdots & 0.0 & 0.0 & 0.0 & 0.0 & 0.0\\\\0.0 & 0.0 & 0.0 & 0.011 & 0.0 & \\cdots & 0.0 & 0.0 & 0.0 & 0.0 & 0.0\\\\0.0 & 0.0 & 0.0 & 0.0 & 0.012 & \\cdots & 0.0 & 0.0 & 0.0 & 0.0 & 0.0\\\\\\vdots & \\vdots & \\vdots & \\vdots & \\vdots & \\ddots & \\vdots & \\vdots & \\vdots & \\vdots & \\vdots\\\\0.0 & 0.0 & 0.0 & 0.0 & 0.0 & \\cdots & 0.193 & 0.0 & 0.0 & 0.0 & 0.0\\\\0.0 & 0.0 & 0.0 & 0.0 & 0.0 & \\cdots & 0.0 & 0.196 & 0.0 & 0.0 & 0.0\\\\0.0 & 0.0 & 0.0 & 0.0 & 0.0 & \\cdots & 0.0 & 0.0 & 0.197 & 0.0 & 0.0\\\\0.0 & 0.0 & 0.0 & 0.0 & 0.0 & \\cdots & 0.0 & 0.0 & 0.0 & 0.198 & 0.0\\\\0.0 & 0.0 & 0.0 & 0.0 & 0.0 & \\cdots & 0.0 & 0.0 & 0.0 & 0.0 & 0.200\\\\\\end{array}\\right)\\end{equation*}"
     },
     "execution_count": 132,
     "metadata": {},
     "output_type": "execute_result"
    }
   ],
   "source": [
    "w = Qobj(np.diag(freq))\n",
    "w"
   ],
   "metadata": {
    "collapsed": false,
    "pycharm": {
     "name": "#%%\n"
    }
   }
  },
  {
   "cell_type": "code",
   "execution_count": 140,
   "outputs": [
    {
     "data": {
      "text/plain": "array([[ 0.03868742+0.j, -0.00044491+0.j, -0.00022341+0.j],\n       [-0.00044491+0.j,  0.03780973+0.j,  0.00014206+0.j],\n       [-0.00022341+0.j,  0.00014206+0.j,  0.03598863+0.j]])"
     },
     "execution_count": 140,
     "metadata": {},
     "output_type": "execute_result"
    }
   ],
   "source": [
    "# creating the hessian matrix for the system\n",
    "omega_s = np.zeros((len(ks), len(ks)), dtype=complex)\n",
    "for i in range(len(ks)):\n",
    "    for j in range(len(ks)):\n",
    "        omega_s[i,j] = (ks[i].dag()* (w**2) *ks[j]).full()\n",
    "omega_s"
   ],
   "metadata": {
    "collapsed": false,
    "pycharm": {
     "name": "#%%\n"
    }
   }
  },
  {
   "cell_type": "code",
   "execution_count": 219,
   "outputs": [
    {
     "data": {
      "text/plain": "array([[ 0.07199055+0.j, -0.05927841+0.j,  0.99564222+0.j],\n       [-0.39082214+0.j, -0.92008406+0.j, -0.02652119+0.j],\n       [ 0.91764667+0.j, -0.38720975+0.j, -0.08940467+0.j]])"
     },
     "execution_count": 219,
     "metadata": {},
     "output_type": "execute_result"
    }
   ],
   "source": [
    "# diagonalizing the hessian matrix for the system ks\n",
    "evals_s, evecs_s = Qobj(omega_s).eigenstates()\n",
    "evecs_s = [x.full() for x in evecs_s]\n",
    "evecs_s = np.squeeze(evecs_s)\n",
    "evecs_s"
   ],
   "metadata": {
    "collapsed": false,
    "pycharm": {
     "name": "#%%\n"
    }
   }
  },
  {
   "cell_type": "code",
   "execution_count": 220,
   "outputs": [
    {
     "data": {
      "text/plain": "array([[0.03596402+0.j, 0.        +0.j, 0.        +0.j],\n       [0.        +0.j, 0.03762484+0.j, 0.        +0.j],\n       [0.        +0.j, 0.        +0.j, 0.03889692+0.j]])"
     },
     "execution_count": 220,
     "metadata": {},
     "output_type": "execute_result"
    }
   ],
   "source": [
    "# making new basis and checking if the hessian is diagonal in this new basis\n",
    "\n",
    "ks_new = []\n",
    "for i in range(len(evecs_s)):\n",
    "    v = Qobj(np.zeros(ks[0].shape))\n",
    "    for j in range(len(ks)):\n",
    "        v += evecs_s[i,j]*ks[j]\n",
    "    ks_new.append(v)\n",
    "\n",
    "\n",
    "omega_s_new = np.zeros((len(ks), len(ks)), dtype=complex)\n",
    "for i in range(len(ks)):\n",
    "    for j in range(len(ks)):\n",
    "        omega_s_new[i, j] = (ks_new[i].dag() * (w ** 2) * ks_new[j]).full()\n",
    "omega_s_new"
   ],
   "metadata": {
    "collapsed": false,
    "pycharm": {
     "name": "#%%\n"
    }
   }
  },
  {
   "cell_type": "code",
   "execution_count": 211,
   "outputs": [
    {
     "data": {
      "text/plain": "array([[1.+0.j, 0.+0.j, 0.+0.j],\n       [0.+0.j, 1.+0.j, 0.+0.j],\n       [0.+0.j, 0.+0.j, 1.+0.j]])"
     },
     "execution_count": 211,
     "metadata": {},
     "output_type": "execute_result"
    }
   ],
   "source": [
    "# checking if the new vectors are orthonormal\n",
    "overlapQ(ks_new)"
   ],
   "metadata": {
    "collapsed": false,
    "pycharm": {
     "name": "#%%\n"
    }
   }
  },
  {
   "cell_type": "code",
   "execution_count": 216,
   "outputs": [
    {
     "name": "stdout",
     "output_type": "stream",
     "text": [
      "the bath hessian  [[ 1.81029943e-04+0.j  3.02423886e-05+0.j -1.04889363e-04+0.j\n",
      "  -5.55327149e-05+0.j -2.97049363e-05+0.j  1.16086636e-04+0.j\n",
      "   8.03036893e-05+0.j -1.81374872e-05+0.j  3.22462064e-05+0.j\n",
      "  -1.44794285e-05+0.j  6.55731285e-06+0.j  8.44287527e-06+0.j\n",
      "   9.89211887e-06+0.j  5.59793291e-07+0.j  1.00872394e-05+0.j\n",
      "   1.84201227e-05+0.j  1.14378405e-05+0.j -6.51829382e-05+0.j\n",
      "  -6.38940514e-05+0.j  1.32797933e-05+0.j -3.57974336e-05+0.j]\n",
      " [ 3.02423886e-05+0.j  1.56703020e-04+0.j -7.45136195e-05+0.j\n",
      "  -3.78619520e-05+0.j -2.02526831e-05+0.j  8.48287026e-05+0.j\n",
      "   1.03893869e-05+0.j -1.23660450e-05+0.j  2.40426254e-05+0.j\n",
      "  -4.65238411e-06+0.j  4.29614465e-06+0.j  6.80375531e-06+0.j\n",
      "   4.62384307e-06+0.j  8.82678450e-08+0.j  7.43363417e-06+0.j\n",
      "   1.32191754e-05+0.j  8.10534175e-06+0.j -4.85951306e-05+0.j\n",
      "  -2.95442674e-05+0.j  9.25177084e-06+0.j -2.09424794e-05+0.j]\n",
      " [-1.04889363e-04+0.j -7.45136195e-05+0.j  4.14126099e-04+0.j\n",
      "   1.36825886e-04+0.j  7.31893310e-05+0.j -3.12390085e-04+0.j\n",
      "   2.11534752e-05+0.j  4.46885170e-05+0.j -9.53493602e-05+0.j\n",
      "   9.92996452e-06+0.j -1.52907153e-05+0.j -2.59743661e-05+0.j\n",
      "  -1.38991324e-05+0.j  7.54583256e-08+0.j -2.76114924e-05+0.j\n",
      "  -4.86551912e-05+0.j -2.97039914e-05+0.j  1.81253742e-04+0.j\n",
      "   8.82055369e-05+0.j -3.36998829e-05+0.j  7.21783068e-05+0.j]\n",
      " [-5.55327149e-05+0.j -3.78619520e-05+0.j  1.36825886e-04+0.j\n",
      "   2.10368822e-04+0.j  3.71890612e-05+0.j -1.55766901e-04+0.j\n",
      "  -1.90777921e-05+0.j  2.27071933e-05+0.j -4.41485885e-05+0.j\n",
      "   8.51417107e-06+0.j -7.86979294e-06+0.j -1.24614048e-05+0.j\n",
      "  -8.44496648e-06+0.j -1.30124546e-07+0.j -1.37106203e-05+0.j\n",
      "  -2.43927172e-05+0.j -1.49169102e-05+0.j  8.93775744e-05+0.j\n",
      "   5.42729727e-05+0.j -1.70101280e-05+0.j  3.84971033e-05+0.j]\n",
      " [-2.97049363e-05+0.j -2.02526831e-05+0.j  7.31893310e-05+0.j\n",
      "   3.71890612e-05+0.j  1.65497996e-04+0.j -8.33209949e-05+0.j\n",
      "  -1.02050060e-05+0.j  1.21462717e-05+0.j -2.36155726e-05+0.j\n",
      "   4.53890182e-06+0.j -4.19944442e-06+0.j -6.64858298e-06+0.j\n",
      "  -4.49289722e-06+0.j -5.25063875e-08+0.j -7.36634217e-06+0.j\n",
      "  -1.31115204e-05+0.j -7.99707861e-06+0.j  4.78861917e-05+0.j\n",
      "   2.90429595e-05+0.j -9.11038283e-06+0.j  2.06145795e-05+0.j]\n",
      " [ 1.16086636e-04+0.j  8.48287026e-05+0.j -3.12390085e-04+0.j\n",
      "  -1.55766901e-04+0.j -8.33209949e-05+0.j  5.89734504e-04+0.j\n",
      "  -6.59080434e-05+0.j -5.08747445e-05+0.j -1.58607182e-04+0.j\n",
      "  -4.02677578e-06+0.j  1.61764291e-05+0.j  2.82181594e-05+0.j\n",
      "   1.13735767e-05+0.j -2.15445794e-06+0.j  3.53552104e-05+0.j\n",
      "   6.36023297e-05+0.j  3.59809469e-05+0.j -2.13664530e-04+0.j\n",
      "  -8.45738241e-05+0.j  3.97586437e-05+0.j -3.07350347e-05+0.j]\n",
      " [ 8.03036893e-05+0.j  1.03893869e-05+0.j  2.11534752e-05+0.j\n",
      "  -1.90777921e-05+0.j -1.02050060e-05+0.j -6.59080434e-05+0.j\n",
      "   1.02411199e-03+0.j -6.23117852e-06+0.j -3.63032434e-05+0.j\n",
      "  -1.03577566e-04+0.j  5.34252168e-06+0.j -1.73201603e-05+0.j\n",
      "   4.30197004e-05+0.j  5.38437168e-06+0.j -6.37734735e-06+0.j\n",
      "  -4.94221287e-06+0.j -1.50472966e-06+0.j  5.54676230e-05+0.j\n",
      "  -2.92136038e-04+0.j  1.06414687e-06+0.j -7.71442514e-05+0.j]\n",
      " [-1.81374872e-05+0.j -1.23660450e-05+0.j  4.46885170e-05+0.j\n",
      "   2.27071933e-05+0.j  1.21462717e-05+0.j -5.08747445e-05+0.j\n",
      "  -6.23117852e-06+0.j  1.60725338e-04+0.j -1.44194913e-05+0.j\n",
      "   2.75617511e-06+0.j -2.55407265e-06+0.j -4.04261379e-06+0.j\n",
      "  -2.71920314e-06+0.j -1.51592101e-08+0.j -4.52983876e-06+0.j\n",
      "  -8.06864723e-06+0.j -4.90060840e-06+0.j  2.93151987e-05+0.j\n",
      "   1.77450235e-05+0.j -5.57407644e-06+0.j  1.26089052e-05+0.j]\n",
      " [ 3.22462064e-05+0.j  2.40426254e-05+0.j -9.53493602e-05+0.j\n",
      "  -4.41485885e-05+0.j -2.36155726e-05+0.j -1.58607182e-04+0.j\n",
      "  -3.63032434e-05+0.j -1.44194913e-05+0.j  1.08588183e-03+0.j\n",
      "  -7.31929840e-06+0.j  8.10714153e-06+0.j  1.63868979e-05+0.j\n",
      "   1.06692604e-05+0.j  5.30817378e-06+0.j -1.19982164e-06+0.j\n",
      "  -7.43959170e-06+0.j  4.00324831e-06+0.j -5.18216675e-05+0.j\n",
      "  -2.72593199e-05+0.j  7.28103977e-06+0.j -1.83261629e-04+0.j]\n",
      " [-1.44794285e-05+0.j -4.65238411e-06+0.j  9.92996452e-06+0.j\n",
      "   8.51417107e-06+0.j  4.53890182e-06+0.j -4.02677578e-06+0.j\n",
      "  -1.03577566e-04+0.j  2.75617511e-06+0.j -7.31929840e-06+0.j\n",
      "   3.14570481e-02+0.j  4.21091064e-04+0.j  4.87147835e-04+0.j\n",
      "   1.33246479e-03+0.j  7.09196728e-04+0.j -1.34615371e-03+0.j\n",
      "  -2.33160573e-03+0.j -7.44101686e-04+0.j  2.52634721e-03+0.j\n",
      "   5.51803068e-03+0.j -4.79896505e-04+0.j  8.87544748e-04+0.j]\n",
      " [ 6.55731285e-06+0.j  4.29614465e-06+0.j -1.52907153e-05+0.j\n",
      "  -7.86979294e-06+0.j -4.19944442e-06+0.j  1.61764291e-05+0.j\n",
      "   5.34252168e-06+0.j -2.55407265e-06+0.j  8.10714153e-06+0.j\n",
      "   4.21091064e-04+0.j  3.28460794e-02+0.j -4.67933423e-04+0.j\n",
      "  -6.67305050e-04+0.j -4.68494483e-04+0.j  8.89718250e-04+0.j\n",
      "   1.74673623e-03+0.j  4.92038826e-04+0.j -2.12989818e-03+0.j\n",
      "  -3.31560791e-04+0.j  3.17571246e-04+0.j -6.11212391e-04+0.j]\n",
      " [ 8.44287527e-06+0.j  6.80375531e-06+0.j -2.59743661e-05+0.j\n",
      "  -1.24614048e-05+0.j -6.64858298e-06+0.j  2.82181594e-05+0.j\n",
      "  -1.73201603e-05+0.j -4.04261379e-06+0.j  1.63868979e-05+0.j\n",
      "   4.87147835e-04+0.j -4.67933423e-04+0.j  3.26270840e-02+0.j\n",
      "  -1.01619605e-03+0.j -7.88653119e-04+0.j  1.49757390e-03+0.j\n",
      "   3.04423123e-03+0.j  8.28116874e-04+0.j -3.78722816e-03+0.j\n",
      "   1.10953615e-03+0.j  5.34398929e-04+0.j -1.13924127e-03+0.j]\n",
      " [ 9.89211887e-06+0.j  4.62384307e-06+0.j -1.38991324e-05+0.j\n",
      "  -8.44496648e-06+0.j -4.49289722e-06+0.j  1.13735767e-05+0.j\n",
      "   4.30197004e-05+0.j -2.71920314e-06+0.j  1.06692604e-05+0.j\n",
      "   1.33246479e-03+0.j -6.67305050e-04+0.j -1.01619605e-03+0.j\n",
      "   3.20998998e-02+0.j -1.12291684e-03+0.j  2.13044085e-03+0.j\n",
      "   4.03272281e-03+0.j  1.17709375e-03+0.j -4.77234174e-03+0.j\n",
      "  -3.19789930e-03+0.j  7.58612570e-04+0.j -1.39171751e-03+0.j]\n",
      " [ 5.59793291e-07+0.j  8.82678450e-08+0.j  7.54583256e-08+0.j\n",
      "  -1.30124546e-07+0.j -5.25063875e-08+0.j -2.15445794e-06+0.j\n",
      "   5.38437168e-06+0.j -1.51592101e-08+0.j  5.30817378e-06+0.j\n",
      "   7.09196728e-04+0.j -4.68494483e-04+0.j -7.88653119e-04+0.j\n",
      "  -1.12291684e-03+0.j  3.41817265e-02+0.j  1.49248286e-03+0.j\n",
      "   2.93058721e-03+0.j  8.24002958e-04+0.j -3.56220585e-03+0.j\n",
      "  -5.46926573e-04+0.j  5.30436822e-04+0.j -1.01981875e-03+0.j]\n",
      " [ 1.00872394e-05+0.j  7.43363417e-06+0.j -2.76114924e-05+0.j\n",
      "  -1.37106203e-05+0.j -7.36634217e-06+0.j  3.53552104e-05+0.j\n",
      "  -6.37734735e-06+0.j -4.52983876e-06+0.j -1.19982164e-06+0.j\n",
      "  -1.34615371e-03+0.j  8.89718250e-04+0.j  1.49757390e-03+0.j\n",
      "   2.13044085e-03+0.j  1.49248286e-03+0.j  3.32734102e-02+0.j\n",
      "  -5.55070081e-03+0.j -1.55909127e-03+0.j  6.73503226e-03+0.j\n",
      "   1.02592865e-03+0.j -1.00214935e-03+0.j  1.92557103e-03+0.j]\n",
      " [ 1.84201227e-05+0.j  1.32191754e-05+0.j -4.86551912e-05+0.j\n",
      "  -2.43927172e-05+0.j -1.31115204e-05+0.j  6.36023297e-05+0.j\n",
      "  -4.94221287e-06+0.j -8.06864723e-06+0.j -7.43959170e-06+0.j\n",
      "  -2.33160573e-03+0.j  1.74673623e-03+0.j  3.04423123e-03+0.j\n",
      "   4.03272281e-03+0.j  2.93058721e-03+0.j -5.55070081e-03+0.j\n",
      "   2.50541537e-02+0.j -3.06192474e-03+0.j  1.34742818e-02+0.j\n",
      "  -2.94706280e-04+0.j -1.96840741e-03+0.j  4.06085031e-03+0.j]\n",
      " [ 1.14378405e-05+0.j  8.10534175e-06+0.j -2.97039914e-05+0.j\n",
      "  -1.49169102e-05+0.j -7.99707861e-06+0.j  3.59809469e-05+0.j\n",
      "  -1.50472966e-06+0.j -4.90060840e-06+0.j  4.00324831e-06+0.j\n",
      "  -7.44101686e-04+0.j  4.92038826e-04+0.j  8.28116874e-04+0.j\n",
      "   1.17709375e-03+0.j  8.24002958e-04+0.j -1.55909127e-03+0.j\n",
      "  -3.06192474e-03+0.j  3.63898132e-02+0.j  3.70891811e-03+0.j\n",
      "   5.60672169e-04+0.j -5.51481906e-04+0.j  1.05902563e-03+0.j]\n",
      " [-6.51829382e-05+0.j -4.85951306e-05+0.j  1.81253742e-04+0.j\n",
      "   8.93775744e-05+0.j  4.78861917e-05+0.j -2.13664530e-04+0.j\n",
      "   5.54676230e-05+0.j  2.93151987e-05+0.j -5.18216675e-05+0.j\n",
      "   2.52634721e-03+0.j -2.12989818e-03+0.j -3.78722816e-03+0.j\n",
      "  -4.77234174e-03+0.j -3.56220585e-03+0.j  6.73503226e-03+0.j\n",
      "   1.34742818e-02+0.j  3.70891811e-03+0.j  1.89009273e-02+0.j\n",
      "   2.34570694e-03+0.j  2.37796246e-03+0.j  5.58884357e-03+0.j]\n",
      " [-6.38940514e-05+0.j -2.95442674e-05+0.j  8.82055369e-05+0.j\n",
      "   5.42729727e-05+0.j  2.90429595e-05+0.j -8.45738241e-05+0.j\n",
      "  -2.92136038e-04+0.j  1.77450235e-05+0.j -2.72593199e-05+0.j\n",
      "   5.51803068e-03+0.j -3.31560791e-04+0.j  1.10953615e-03+0.j\n",
      "  -3.19789930e-03+0.j -5.46926573e-04+0.j  1.02592865e-03+0.j\n",
      "  -2.94706280e-04+0.j  5.60672169e-04+0.j  2.34570694e-03+0.j\n",
      "   1.77913465e-03+0.j  3.55130072e-04+0.j  7.48703737e-04+0.j]\n",
      " [ 1.32797933e-05+0.j  9.25177084e-06+0.j -3.36998829e-05+0.j\n",
      "  -1.70101280e-05+0.j -9.11038283e-06+0.j  3.97586437e-05+0.j\n",
      "   1.06414687e-06+0.j -5.57407644e-06+0.j  7.28103977e-06+0.j\n",
      "  -4.79896505e-04+0.j  3.17571246e-04+0.j  5.34398929e-04+0.j\n",
      "   7.58612570e-04+0.j  5.30436822e-04+0.j -1.00214935e-03+0.j\n",
      "  -1.96840741e-03+0.j -5.51481906e-04+0.j  2.37796246e-03+0.j\n",
      "   3.55130072e-04+0.j  3.88508153e-02+0.j  6.77608595e-04+0.j]\n",
      " [-3.57974336e-05+0.j -2.09424794e-05+0.j  7.21783068e-05+0.j\n",
      "   3.84971033e-05+0.j  2.06145795e-05+0.j -3.07350347e-05+0.j\n",
      "  -7.71442514e-05+0.j  1.26089052e-05+0.j -1.83261629e-04+0.j\n",
      "   8.87544748e-04+0.j -6.11212391e-04+0.j -1.13924127e-03+0.j\n",
      "  -1.39171751e-03+0.j -1.01981875e-03+0.j  1.92557103e-03+0.j\n",
      "   4.06085031e-03+0.j  1.05902563e-03+0.j  5.58884357e-03+0.j\n",
      "   7.48703737e-04+0.j  6.77608595e-04+0.j  1.83308582e-03+0.j]]\n",
      "Eigen vectors (as rows) for the bath hessian  [[ 1.51863240e-01+0.j  3.07138916e-02+0.j -4.75771629e-02+0.j\n",
      "  -3.59775713e-02+0.j -1.39331162e-02+0.j -2.13199708e-02+0.j\n",
      "   2.45256652e-01+0.j -5.75224842e-03+0.j  1.18932008e-01+0.j\n",
      "  -9.01261835e-02+0.j -5.66914863e-03+0.j -3.93836025e-02+0.j\n",
      "   3.16328389e-02+0.j -9.02455330e-03+0.j  1.65729860e-02+0.j\n",
      "   6.86564944e-02+0.j  8.86803712e-03+0.j -3.17002248e-01+0.j\n",
      "   5.88233673e-01+0.j  5.42424762e-03+0.j  6.59594644e-01+0.j]\n",
      " [ 1.06677812e-01+0.j  2.67037431e-02+0.j -5.06465979e-02+0.j\n",
      "  -3.12249165e-02+0.j -1.24804816e-02+0.j  5.45578473e-02+0.j\n",
      "   1.38332000e-01+0.j -5.54518208e-03+0.j -9.48679864e-02+0.j\n",
      "  -1.18311950e-01+0.j  6.07643976e-03+0.j -2.73555347e-02+0.j\n",
      "   6.60037206e-02+0.j  9.66793381e-03+0.j -1.77493714e-02+0.j\n",
      "   1.58340833e-02+0.j -9.49488360e-03+0.j  1.33655176e-01+0.j\n",
      "   7.03175262e-01+0.j -5.80515461e-03+0.j -6.48711216e-01+0.j]\n",
      " [ 2.41763476e-01+0.j  6.95801890e-02+0.j -1.83487664e-01+0.j\n",
      "  -8.92027537e-02+0.j -3.99290595e-02+0.j  1.54963151e-01+0.j\n",
      "  -4.29426536e-02+0.j -2.08575876e-02+0.j  5.72542722e-02+0.j\n",
      "  -1.26996675e-01+0.j  8.97335252e-02+0.j  1.53012376e-01+0.j\n",
      "   2.05451385e-01+0.j  1.42795972e-01+0.j -2.62185418e-01+0.j\n",
      "  -5.19780317e-01+0.j -1.40267312e-01+0.j  5.75188361e-01+0.j\n",
      "   2.17193516e-02+0.j -8.57719443e-02+0.j  2.37628257e-01+0.j]\n",
      " [ 9.18361280e-01+0.j -1.51316596e-01+0.j  2.19162188e-01+0.j\n",
      "   1.19361269e-01+0.j  4.17137403e-02+0.j -1.14576278e-01+0.j\n",
      "  -1.25548182e-01+0.j  1.68399180e-02+0.j -4.05883050e-02+0.j\n",
      "   4.07089941e-02+0.j -1.55710036e-02+0.j -2.05679493e-02+0.j\n",
      "  -4.42975581e-02+0.j -2.47742036e-02+0.j  4.54829197e-02+0.j\n",
      "   8.25541928e-02+0.j  2.43306866e-02+0.j -7.63317419e-02+0.j\n",
      "  -1.19005363e-01+0.j  1.48757028e-02+0.j -6.55045556e-02+0.j]\n",
      " [ 7.87133202e-02+0.j  9.70712920e-01+0.j  1.82756150e-01+0.j\n",
      "   9.55044701e-02+0.j  2.53565700e-02+0.j -6.76846938e-02+0.j\n",
      "  -3.40791678e-02+0.j  8.71350677e-03+0.j -2.03607848e-02+0.j\n",
      "   9.61182115e-03+0.j -3.60394222e-03+0.j -4.69512709e-03+0.j\n",
      "  -1.03420316e-02+0.j -5.73288738e-03+0.j  1.05238056e-02+0.j\n",
      "   1.90126773e-02+0.j  5.62900837e-03+0.j -1.78172075e-02+0.j\n",
      "  -2.87559324e-02+0.j  3.44097450e-03+0.j -1.40113298e-02+0.j]\n",
      " [ 3.57143986e-03+0.j  1.07487954e-03+0.j  4.52892294e-01+0.j\n",
      "  -8.90988562e-01+0.j  1.01177194e-03+0.j  1.63204972e-03+0.j\n",
      "  -3.14144960e-02+0.j  2.26464109e-04+0.j  2.65291054e-03+0.j\n",
      "   3.69104820e-04+0.j  9.59621343e-05+0.j  3.20776257e-04+0.j\n",
      "  -1.17592021e-05+0.j  1.52760369e-04+0.j -2.80535207e-04+0.j\n",
      "  -7.50540031e-04+0.j -1.50112041e-04+0.j  1.66517555e-03+0.j\n",
      "  -3.04143654e-03+0.j -9.18184331e-05+0.j -1.85147545e-03+0.j]\n",
      " [-6.12421784e-02+0.j -6.35649516e-02+0.j  5.13842445e-01+0.j\n",
      "   2.59870021e-01+0.j -6.80349339e-01+0.j  4.19640625e-01+0.j\n",
      "   3.64355031e-02+0.j -4.02643341e-02+0.j  1.26717548e-01+0.j\n",
      "  -1.07666628e-02+0.j  4.13798660e-03+0.j  5.47145337e-03+0.j\n",
      "   1.17504347e-02+0.j  6.57945111e-03+0.j -1.20747826e-02+0.j\n",
      "  -2.19102167e-02+0.j -6.45704305e-03+0.j  2.12403070e-02+0.j\n",
      "   3.14079070e-02+0.j -3.94565482e-03+0.j  1.40627047e-02+0.j]\n",
      " [ 5.23301613e-02+0.j  5.09916749e-02+0.j -3.47397980e-01+0.j\n",
      "  -1.76265387e-01+0.j -7.15091702e-01+0.j -5.44966746e-01+0.j\n",
      "  -6.40478790e-02+0.j  4.62943077e-02+0.j -1.62204492e-01+0.j\n",
      "   9.37766152e-03+0.j -3.52075697e-03+0.j -4.58730472e-03+0.j\n",
      "  -1.00970492e-02+0.j -5.59751978e-03+0.j  1.02721703e-02+0.j\n",
      "   1.85545239e-02+0.j  5.49280956e-03+0.j -1.76542659e-02+0.j\n",
      "  -2.80434682e-02+0.j  3.35618122e-03+0.j -1.27309913e-02+0.j]\n",
      " [ 4.84310363e-03+0.j  4.21952658e-03+0.j -2.12463452e-02+0.j\n",
      "  -1.07815400e-02+0.j -9.40673635e-03+0.j  1.04253328e-01+0.j\n",
      "   1.51897005e-02+0.j  9.93617799e-01+0.j  3.01211362e-02+0.j\n",
      "   9.26369244e-04+0.j -3.50266966e-04+0.j -4.58148174e-04+0.j\n",
      "  -1.00148161e-03+0.j -5.56666511e-04+0.j  1.02133798e-03+0.j\n",
      "   1.84670762e-03+0.j  5.46026612e-04+0.j -1.78753526e-03+0.j\n",
      "  -2.75214504e-03+0.j  3.33523643e-04+0.j -1.17104174e-03+0.j]\n",
      " [-2.16296437e-01+0.j -1.46689193e-01+0.j  5.30456780e-01+0.j\n",
      "   2.70802749e-01+0.j  1.45635093e-01+0.j -6.32031052e-01+0.j\n",
      "  -1.06093847e-01+0.j  8.97045235e-02+0.j -9.44715096e-02+0.j\n",
      "  -7.47618540e-02+0.j  3.30986981e-02+0.j  4.71646903e-02+0.j\n",
      "   8.77143404e-02+0.j  5.11810225e-02+0.j -9.24380304e-02+0.j\n",
      "  -1.71848303e-01+0.j -4.86721563e-02+0.j  1.71194222e-01+0.j\n",
      "   1.75982430e-01+0.j -2.90155517e-02+0.j  8.53911514e-02+0.j]\n",
      " [-6.35241965e-02+0.j  3.87365383e-03+0.j -7.67319623e-02+0.j\n",
      "  -7.15954029e-03+0.j -3.85482949e-03+0.j  1.50692531e-01+0.j\n",
      "  -9.39047893e-01+0.j -2.37886868e-03+0.j -2.61002214e-04+0.j\n",
      "  -3.85719153e-02+0.j -5.57557672e-03+0.j -2.40795561e-02+0.j\n",
      "   8.29280483e-03+0.j -8.81893576e-03+0.j  1.61370443e-02+0.j\n",
      "   4.95530849e-02+0.j  8.60506291e-03+0.j -9.78759349e-02+0.j\n",
      "   2.55452315e-01+0.j  5.23501092e-03+0.j  7.46501870e-02+0.j]\n",
      " [-1.32800354e-02+0.j -1.13221414e-02+0.j  5.00053741e-02+0.j\n",
      "   2.08939571e-02+0.j  1.12323005e-02+0.j  2.20677121e-01+0.j\n",
      "   4.69628225e-02+0.j  6.91426379e-03+0.j -9.58802305e-01+0.j\n",
      "  -5.17480904e-03+0.j  3.09472731e-03+0.j  5.56858325e-03+0.j\n",
      "   7.09886335e-03+0.j  4.79795434e-03+0.j -8.67889380e-03+0.j\n",
      "  -1.81583364e-02+0.j -4.57666978e-03+0.j -2.74928100e-02+0.j\n",
      "   1.43259181e-03+0.j -2.73506182e-03+0.j  1.58260747e-01+0.j]\n",
      " [-7.20651823e-04+0.j -2.86654503e-04+0.j  7.66297678e-04+0.j\n",
      "   5.26519566e-04+0.j  2.81719677e-04+0.j -6.24815255e-04+0.j\n",
      "  -4.15000308e-03+0.j  1.72093558e-04+0.j -2.94123582e-04+0.j\n",
      "   9.43869610e-01+0.j  2.29081438e-01+0.j  3.44007006e-02+0.j\n",
      "   1.66769363e-01+0.j  2.93282467e-02+0.j -3.44493718e-02+0.j\n",
      "  -4.97870204e-02+0.j -1.34948241e-02+0.j  2.21797258e-02+0.j\n",
      "   1.49203616e-01+0.j -5.67077350e-03+0.j  1.11162272e-02+0.j]\n",
      " [-4.13072234e-04+0.j -2.37782632e-04+0.j  8.01908134e-04+0.j\n",
      "   4.36753355e-04+0.j  2.33689546e-04+0.j -8.48736885e-04+0.j\n",
      "  -9.78553230e-04+0.j  1.42753695e-04+0.j -3.07318236e-04+0.j\n",
      "   1.94453619e-01+0.j -9.60518740e-01+0.j  1.28115079e-01+0.j\n",
      "   1.24123313e-01+0.j  2.74582203e-02+0.j -3.10689605e-02+0.j\n",
      "  -5.68849966e-02+0.j -1.19647504e-02+0.j  3.33941485e-02+0.j\n",
      "   3.77534417e-02+0.j -4.95799753e-03+0.j  1.02564928e-02+0.j]\n",
      " [-3.09885814e-04+0.j -2.86264481e-04+0.j  1.13484698e-03+0.j\n",
      "   5.25803426e-04+0.j  2.81336620e-04+0.j -1.32239672e-03+0.j\n",
      "   1.32282983e-03+0.j  1.71859714e-04+0.j -5.53058684e-04+0.j\n",
